100 20 10 20 25 96 14 52 34 84
200 21 54 84 54 321 31 321 654 654
150 51 351 351 351 351 351 351 351 351
250 654 654 984 321 94 654 84 321 456
170 654 123 03 321 65 89 65 951 66
120 21 54 84 54 321 31 321 654 654
250 51 351 351 351 351 351 351 351 351
950 51 351 351 351 351 351 351 351 351
210 21 54 84 54 321 31 321 654 654
130 654 654 984 321 94 654 84 321 456
450 654 654 984 321 94 654 84 321 456
220 21 54 84 54 321 31 321 654 654
370 51 351 351 351 351 351 351 351 351
100 21 54 84 54 321 31 321 654 654
700 654 654 984 321 94 654 84 321 456
750 21 54 84 54 321 31 321 654 654
780 20 10 20 25 96 14 52 34 84
630 21 54 84 54 321 31 321 654 654
255 51 351 351 351 351 351 351 351 351
127 654 654 984 321 94 654 84 321 456
238 21 54 84 54 321 31 321 654 654
230 20 10 20 25 96 14 52 34 84
543 21 54 84 54 321 31 321 654 654
194 20 10 20 25 96 14 52 34 84
129 21 54 84 54 321 31 321 654 654
363 20 10 20 25 96 14 52 34 1000