20000 9 10 7 9 7 10 8 9 9
20001 6 3 5 3 5 5 3 8 8
20002 3 3 3 9 4 4 4 3 9
20003 4 4 10 7 8 7 7 7 4
20004 6 10 7 7 3 5 8 6 5
20005 10 7 8 7 8 9 9 8 8
20006 10 9 8 5 3 5 7 5 7
20007 9 4 7 6 4 4 6 10 6
20008 8 9 9 5 4 7 4 10 6
20009 6 9 8 9 5 10 9 8 4
20010 8 10 6 4 5 8 9 3 7
20011 8 4 4 7 4 3 7 7 8
20012 5 6 8 8 8 10 8 4 5
20013 3 7 9 6 6 8 5 5 5
20014 5 9 4 5 4 6 5 6 10
20015 10 7 7 9 9 6 8 4 6
20016 5 6 6 8 5 6 8 4 7
20017 7 5 5 5 4 5 10 10 4
20018 6 6 5 7 3 8 6 10 4
20019 9 10 4 6 6 4 9 4 5
20020 9 6 4 5 9 5 3 4 4
20021 3 4 9 5 7 3 3 9 7
20022 10 4 9 8 6 7 6 4 6
20023 9 7 8 4 7 10 9 7 7
20024 7 10 5 4 5 6 7 8 6
20025 9 4 7 9 4 10 10 9 3
20026 7 7 7 3 3 4 9 9 4
20027 7 7 3 9 8 5 3 5 9
20028 6 10 9 9 4 10 6 7 7
20029 5 8 6 10 6 7 5 4 9
20030 9 4 9 8 5 9 10 7 8
20031 10 3 10 10 4 7 7 4 5
20032 7 6 8 9 9 3 8 10 6
20033 3 10 5 10 9 3 5 4 3
20034 7 8 10 8 6 4 5 9 6
20035 7 10 3 5 6 8 3 8 5
20036 6 7 7 3 9 7 3 9 8
20037 3 9 5 4 10 4 6 10 5
20038 4 8 4 5 6 7 9 5 5
20039 8 3 3 4 10 5 4 3 4
20040 8 10 8 9 3 6 4 8 4
20041 7 9 8 3 8 4 10 7 4
20042 3 5 9 3 7 8 8 6 3
20043 5 3 3 8 8 6 9 10 8
20044 5 7 9 7 10 4 6 6 3
20045 4 8 6 3 9 6 5 6 7
20046 10 9 10 8 8 5 10 3 4
20047 4 10 4 4 8 7 7 6 7
20048 5 7 7 9 4 10 3 3 10
20049 10 5 6 9 4 10 5 3 6
20050 9 6 8 8 8 3 7 10 5